      0/19     7.36G   0.03326   0.01017   0.00806   0.05149         8       640    0.6523    0.7251    0.7384    0.4223    0.0387   0.02184   0.01056
      1/19     7.36G   0.03418   0.01037  0.008119   0.05267         6       640    0.7266    0.6211    0.7081    0.4016   0.04066   0.02145   0.01103
      2/19     7.36G   0.03664   0.01093  0.008531    0.0561         2       640    0.6288    0.6487    0.6687    0.3592   0.04287   0.02057   0.01098
      3/19     7.36G   0.03927   0.01166  0.008955   0.05988         3       640    0.7396    0.5802    0.6844    0.3659   0.04381   0.02039   0.01108
      4/19     7.36G   0.03947   0.01157  0.009002   0.06005         3       640    0.7278      0.61    0.6862    0.3645   0.04229   0.01943   0.01054
      5/19     7.36G   0.03928   0.01159   0.00898   0.05985         3       640    0.6439    0.6509    0.6736    0.3688   0.04372   0.01912    0.0112
      6/19     7.36G   0.03892    0.0117  0.008898   0.05952         5       640    0.7632    0.5969    0.7085    0.3834   0.04219   0.01975   0.01047
      7/19     7.36G    0.0387   0.01147  0.008922    0.0591         3       640    0.6462    0.6565    0.6709    0.3649   0.04278   0.01989   0.01131
      8/19     7.36G   0.03837   0.01128  0.008819   0.05848         5       640    0.6759    0.6572    0.6983    0.3806   0.04177   0.01962   0.01063
      9/19     7.36G   0.03791    0.0115  0.008765   0.05818         3       640    0.6951    0.6276    0.6905    0.3827   0.04167   0.02029   0.01028
     10/19     7.36G    0.0374   0.01114  0.008741   0.05728         2       640    0.7348    0.6263    0.7116       0.4   0.04153   0.01937   0.01083
     11/19     7.36G   0.03719   0.01119  0.008651   0.05703         9       640    0.6841    0.6676    0.6996    0.3909   0.04169   0.01971   0.01033
     12/19     7.36G    0.0367   0.01115  0.008575   0.05643         3       640    0.6889    0.6804    0.7259    0.4115   0.04062   0.02035   0.01019
     13/19     7.36G    0.0363   0.01106  0.008504   0.05586         3       640    0.7239    0.6776    0.7342    0.4202   0.03966   0.02054    0.0104
     14/19     7.36G   0.03584   0.01088  0.008434   0.05515        15       640    0.6962      0.68    0.7236    0.4125    0.0394   0.02063   0.01061
     15/19     7.36G   0.03573   0.01082  0.008432   0.05498         3       640    0.7665    0.6236    0.7125    0.4109   0.03911   0.02067   0.01037
     16/19     7.36G   0.03525   0.01077  0.008335   0.05436         3       640    0.7197    0.6744    0.7372    0.4295   0.03894   0.02088   0.01037
     17/19     7.36G   0.03477    0.0107  0.008253   0.05373         4       640    0.7036    0.7155    0.7544    0.4389   0.03804   0.02117   0.01025
     18/19     7.36G   0.03444   0.01063  0.008221   0.05329         3       640    0.6745    0.7222    0.7398    0.4305   0.03788    0.0213   0.01015
     19/19     7.36G   0.03424   0.01049  0.008196   0.05293         3       640     0.685    0.7114    0.7322    0.4205   0.03768   0.02163   0.01028
