      0/89     7.35G   0.03484    0.0106  0.008334   0.05377         8       640    0.7002    0.7074    0.7462    0.4281   0.04281   0.01991   0.01306
      1/89     7.36G   0.03581   0.01077  0.008406   0.05499         6       640    0.6819    0.6389    0.6984    0.3925   0.04477   0.02027   0.01351
      2/89     7.36G   0.03821   0.01122  0.008783   0.05822         2       640    0.6424    0.6091    0.6556    0.3434   0.04752   0.02007   0.01327
      3/89     7.36G   0.04098   0.01186  0.009255   0.06209         3       640    0.6181    0.6814    0.6759     0.342   0.04781     0.019   0.01391
      4/89     7.36G   0.04096   0.01176  0.009255   0.06198         3       640    0.6538    0.6617     0.679    0.3402    0.0471   0.01924   0.01311
      5/89     7.36G   0.04099   0.01179  0.009282   0.06207         3       640     0.588    0.6835    0.6663    0.3639   0.04739   0.01934   0.01321
      6/89     7.36G   0.04058    0.0119  0.009156   0.06164         5       640    0.6829    0.6247     0.676    0.3614   0.04861   0.01926   0.01357
      7/89     7.36G   0.04054   0.01177  0.009284   0.06159         3       640    0.6501    0.6475    0.6658    0.3575   0.04821   0.01831   0.01367
      8/89     7.36G    0.0404   0.01158  0.009192   0.06117         5       640    0.6929     0.603    0.6699    0.3565   0.04744    0.0183   0.01308
      9/89     7.36G   0.04048   0.01189  0.009192   0.06157         3       640    0.5852    0.7004    0.6744    0.3682   0.04715   0.01898    0.0132
     10/89     7.36G   0.03999   0.01165   0.00917   0.06081         2       640     0.583    0.6953    0.6712    0.3656   0.04535    0.0188   0.01288
     11/89     7.36G   0.04031   0.01171  0.009169   0.06119         9       640    0.6318    0.6527    0.6749    0.3624   0.04745   0.01852   0.01262
     12/89     7.36G   0.04012   0.01175  0.009131   0.06101         3       640    0.6453    0.6407    0.6841    0.3838   0.04573   0.01938   0.01201
     13/89     7.36G   0.03991   0.01179  0.009131   0.06084         3       640    0.6613    0.6466    0.6968    0.3726    0.0451   0.01864   0.01176
     14/89     7.36G   0.03997   0.01169   0.00913   0.06079        15       640    0.5846    0.7261    0.6906    0.3873     0.046   0.01861     0.012
     15/89     7.36G   0.04007   0.01172  0.009172   0.06097         3       640    0.6753    0.6503    0.7023    0.3884   0.04516   0.01892   0.01161
     16/89     7.36G   0.03993   0.01168  0.009112   0.06073         3       640    0.6633    0.6659    0.7045    0.3984    0.0453   0.01855   0.01112
     17/89     7.36G   0.03965   0.01169  0.009028   0.06037         4       640    0.6852     0.673    0.7045     0.394   0.04448   0.01886   0.01104
     18/89     7.36G   0.03944   0.01169  0.009042   0.06018         3       640     0.683    0.6451    0.7038    0.3876   0.04391   0.01885   0.01127
     19/89     7.36G   0.03952   0.01165  0.008993   0.06017         3       640    0.6619    0.6845     0.714    0.3918   0.04396   0.01834   0.01158
     20/89     7.36G   0.03966    0.0116  0.009065   0.06032        12       640    0.5996    0.7225    0.7104    0.3889    0.0445   0.01834   0.01096
     21/89     7.36G   0.03975   0.01173  0.009024   0.06051         3       640    0.7096    0.6302    0.7119    0.3915   0.04345   0.01876   0.01065
     22/89     7.36G   0.03944   0.01168  0.009075   0.06019        13       640    0.6729    0.6675    0.7095    0.3983   0.04286   0.01882   0.01086
     23/89     7.36G   0.03928   0.01148  0.009032   0.05978         1       640    0.6759    0.6813    0.7214    0.4096   0.04307   0.01879   0.01121
     24/89     7.36G   0.03934   0.01165   0.00901   0.05999         3       640    0.6636    0.6722    0.7174    0.3994   0.04331   0.01859   0.01086
     25/89     7.36G     0.039   0.01155  0.009006   0.05955         3       640    0.6815    0.6665    0.7196    0.4063   0.04261   0.01866     0.011
     26/89     7.36G   0.03886   0.01158  0.008928   0.05936         2       640    0.7003    0.6371    0.7255    0.4077   0.04271    0.0188   0.01058
     27/89     7.36G   0.03905   0.01149  0.008911   0.05945         3       640    0.7216    0.6338    0.7332     0.416   0.04214   0.01838   0.01082
     28/89     7.36G     0.039   0.01151  0.008993    0.0595         9       640    0.7062    0.6418    0.7214    0.4077   0.04156   0.01851   0.01064
     29/89     7.36G   0.03888   0.01153  0.008892    0.0593        12       640    0.7081    0.6426    0.7154    0.4056   0.04172   0.01862   0.01059
     30/89     7.36G   0.03871    0.0116  0.008893   0.05921         7       640    0.6285    0.7117    0.7206      0.41   0.04133   0.01868   0.01064
     31/89     7.36G   0.03872   0.01138  0.008897     0.059         1       640    0.6444    0.7022    0.7268    0.4107   0.04122   0.01865   0.01054
     32/89     7.36G   0.03842   0.01146  0.008946   0.05882         3       640    0.6641    0.7046    0.7306    0.4108   0.04135   0.01865   0.01036
     33/89     7.36G   0.03826   0.01153  0.008887   0.05868         4       640    0.6647    0.7077    0.7385    0.4134   0.04132   0.01859   0.01027
     34/89     7.36G   0.03832   0.01126  0.008835   0.05841         3       640    0.6986    0.6837    0.7355    0.4181    0.0409   0.01874   0.01025
     35/89     7.36G   0.03827   0.01145  0.008833   0.05856         2       640    0.6989    0.6779    0.7332    0.4135   0.04092   0.01886   0.01037
     36/89     7.36G   0.03805   0.01144  0.008809    0.0583         5       640    0.7356     0.639    0.7369    0.4145   0.04088   0.01886   0.01041
     37/89     7.36G   0.03818   0.01115  0.008755   0.05809         3       640    0.6862    0.7014    0.7409    0.4156    0.0408   0.01889    0.0104
     38/89     7.36G   0.03814   0.01135  0.008776   0.05827         1       640    0.6851    0.7156    0.7482    0.4194   0.04073   0.01894   0.01044
     39/89     7.36G   0.03806   0.01136  0.008756   0.05817         2       640    0.7035    0.6996    0.7488    0.4189   0.04048   0.01903   0.01042
     40/89     7.36G   0.03787   0.01127  0.008761    0.0579         6       640    0.6792    0.7179    0.7501    0.4188   0.04028   0.01903   0.01038
     41/89     7.36G   0.03811   0.01129  0.008748   0.05815         8       640    0.6649    0.7295     0.749    0.4205   0.04018     0.019   0.01034
     42/89     7.36G   0.03782   0.01136  0.008756   0.05793         5       640    0.6609    0.7441    0.7508     0.421   0.04009   0.01898   0.01031
     43/89     7.36G   0.03771   0.01136   0.00872   0.05779         3       640    0.6626    0.7419    0.7511    0.4215   0.04003   0.01898   0.01029
     44/89     7.36G    0.0376   0.01126  0.008677   0.05754         6       640    0.6595    0.7514    0.7525    0.4213   0.03987   0.01902   0.01026
     45/89     7.36G   0.03746   0.01127  0.008693   0.05743         5       640    0.6858    0.7079     0.751    0.4224   0.03988   0.01905   0.01024
     46/89     7.36G   0.03738   0.01126  0.008727   0.05736         4       640    0.7102    0.6866    0.7504    0.4214   0.03979   0.01905   0.01023
     47/89     7.36G   0.03709   0.01134  0.008592   0.05702         9       640    0.7007    0.6957    0.7514    0.4216   0.03967   0.01908    0.0102
     48/89     7.36G   0.03718   0.01107  0.008641   0.05689         3       640    0.6902    0.7059    0.7517    0.4226   0.03958   0.01911   0.01021
     49/89     7.36G   0.03718   0.01123  0.008567   0.05698         9       640    0.6827    0.7179    0.7517    0.4234   0.03951   0.01913    0.0102
     50/89     7.36G   0.03693   0.01119   0.00858   0.05669         7       640    0.6893    0.7052    0.7508    0.4242   0.03947   0.01916    0.0102
     51/89     7.36G   0.03703   0.01112  0.008644   0.05679         3       640    0.6719    0.7238    0.7486    0.4225    0.0394    0.0192   0.01019
     52/89     7.36G   0.03669   0.01115  0.008546   0.05639         5       640    0.6828    0.7102    0.7492    0.4247   0.03932   0.01923   0.01019
     53/89     7.36G   0.03643   0.01117   0.00856   0.05616         9       640    0.6812    0.7121    0.7473    0.4262   0.03927   0.01926   0.01019
     54/89     7.36G   0.03639   0.01099   0.00846   0.05585         4       640    0.6759    0.7146    0.7478    0.4246   0.03922   0.01929    0.0102
     55/89     7.36G   0.03644   0.01114  0.008529   0.05611         2       640    0.6609    0.7302    0.7484    0.4253   0.03919    0.0193    0.0102
     56/89     7.36G   0.03632   0.01099  0.008482   0.05579         5       640    0.6744    0.7174    0.7501    0.4268   0.03914   0.01933   0.01019
     57/89     7.36G   0.03636   0.01102  0.008477   0.05585         7       640    0.6735    0.7207    0.7508    0.4274   0.03911   0.01935   0.01018
     58/89     7.36G   0.03605   0.01081  0.008517   0.05537         3       640    0.6744    0.7171    0.7499    0.4268   0.03908   0.01938   0.01018
     59/89     7.36G   0.03606   0.01089  0.008479   0.05543         3       640    0.6821     0.711    0.7497    0.4268   0.03905   0.01941   0.01018
     60/89     7.36G   0.03592   0.01099  0.008471   0.05538        15       640    0.6817    0.7154    0.7493     0.427   0.03899   0.01943   0.01018
     61/89     7.36G   0.03573   0.01081  0.008376   0.05491         3       640    0.6864      0.71     0.749    0.4256   0.03894   0.01947   0.01018
     62/89     7.36G   0.03573   0.01088  0.008369   0.05498         3       640    0.6886    0.7135    0.7503    0.4265   0.03888   0.01951   0.01018
     63/89     7.36G    0.0357   0.01081  0.008402   0.05492         3       640    0.6803    0.7238    0.7506    0.4274   0.03883   0.01954   0.01018
     64/89     7.36G   0.03529   0.01078  0.008381   0.05445         1       640    0.6907    0.7146    0.7506    0.4255   0.03879   0.01956   0.01017
     65/89     7.36G   0.03531   0.01077  0.008385   0.05446         2       640    0.6934    0.7096    0.7504    0.4265   0.03873    0.0196   0.01017
     66/89     7.36G    0.0352   0.01077  0.008316   0.05429         3       640    0.6768    0.7306    0.7511    0.4262   0.03868   0.01963   0.01017
     67/89     7.36G   0.03491   0.01069  0.008352   0.05396         6       640    0.6763    0.7355    0.7519    0.4267   0.03863   0.01966   0.01016
     68/89     7.36G   0.03493   0.01049  0.008234   0.05366         3       640    0.6834    0.7262    0.7516    0.4274   0.03859   0.01969   0.01016
     69/89     7.36G   0.03479   0.01068  0.008295   0.05376        13       640    0.6818    0.7291    0.7519    0.4269   0.03856   0.01971   0.01015
     70/89     7.36G   0.03486   0.01053   0.00831    0.0537         3       640    0.6862    0.7265    0.7526    0.4281   0.03853   0.01974   0.01015
     71/89     7.36G   0.03466   0.01056  0.008262   0.05348         2       640    0.6881    0.7231    0.7522     0.428   0.03848   0.01978   0.01015
     72/89     7.36G   0.03443   0.01053  0.008244   0.05321         4       640    0.6894    0.7238     0.753    0.4275   0.03843   0.01981   0.01014
     73/89     7.36G   0.03455   0.01056  0.008276   0.05338         4       640    0.6884    0.7254    0.7536    0.4276    0.0384   0.01984   0.01014
     74/89     7.36G   0.03435   0.01049  0.008203   0.05304         3       640    0.6892    0.7217    0.7538    0.4276   0.03835   0.01987   0.01014
     75/89     7.36G   0.03415   0.01043  0.008192   0.05278         8       640    0.7077    0.7042    0.7545    0.4281   0.03831   0.01991   0.01014
     76/89     7.36G   0.03407   0.01041  0.008153   0.05263         3       640    0.7028    0.7098    0.7547    0.4293   0.03827   0.01994   0.01014
     77/89     7.36G   0.03403   0.01038  0.008146   0.05255        11       640    0.6811    0.7328    0.7544    0.4298   0.03823   0.01998   0.01013
     78/89     7.36G   0.03385   0.01031  0.008202   0.05236         3       640    0.6853    0.7314    0.7546    0.4301   0.03818   0.02002   0.01013
     79/89     7.36G   0.03401   0.01025   0.00815   0.05241         3       640    0.6855    0.7306    0.7549    0.4307   0.03814   0.02006   0.01014
     80/89     7.36G    0.0336   0.01026  0.008124   0.05199         4       640    0.6828    0.7355    0.7549    0.4316   0.03811   0.02009   0.01014
     81/89     7.36G   0.03373   0.01018  0.008143   0.05205         3       640    0.6803    0.7362    0.7549    0.4316   0.03809   0.02013   0.01014
     82/89     7.36G   0.03352   0.01027  0.008108    0.0519         4       640    0.6819    0.7367    0.7549    0.4329   0.03806   0.02017   0.01015
     83/89     7.36G   0.03346   0.01012  0.008055   0.05163         9       640    0.6701    0.7462    0.7549    0.4329   0.03804   0.02021   0.01015
     84/89     7.36G   0.03346   0.01017  0.008077   0.05171         3       640    0.6872    0.7277    0.7552    0.4341     0.038   0.02024   0.01016
     85/89     7.36G   0.03318   0.01019  0.008078   0.05145         2       640    0.6879    0.7271    0.7558    0.4341   0.03797   0.02028   0.01016
     86/89     7.36G   0.03326   0.01005  0.008112   0.05142         3       640    0.6922    0.7253    0.7558    0.4347   0.03793   0.02032   0.01016
     87/89     7.36G   0.03335   0.01018  0.008114   0.05164         4       640    0.6913    0.7283    0.7554    0.4343   0.03791   0.02036   0.01016
     88/89     7.36G   0.03303   0.01006   0.00807   0.05115         3       640    0.6904    0.7277    0.7554    0.4353   0.03789   0.02041   0.01017
     89/89     7.36G   0.03297   0.01003   0.00806   0.05106         5       640    0.6822    0.7357    0.7558    0.4365   0.03787   0.02045   0.01017
