      0/89     7.36G   0.06034   0.01295   0.01493   0.08821         8       640    0.4454    0.5441    0.4659    0.1875   0.06785   0.02035   0.01572
      1/89     7.36G   0.05195   0.01175   0.01125   0.07495         6       640    0.6301    0.4993    0.5517     0.261   0.06666    0.0189   0.01581
      2/89     7.36G     0.051   0.01184   0.01123   0.07406         2       640    0.3846    0.5313     0.444    0.1963   0.06716   0.01866   0.01556
      3/89     7.36G   0.05028   0.01223   0.01109   0.07359         3       640    0.5793    0.5048    0.5276    0.2391   0.06547    0.0166   0.01632
      4/89     7.36G   0.04743   0.01209   0.01062   0.07013         3       640    0.5741    0.5814    0.5777    0.2738   0.06309    0.0169   0.01584
      5/89     7.36G   0.04648   0.01207   0.01046   0.06901         3       640    0.6181    0.5741    0.6173     0.307   0.06226   0.01671   0.01633
      6/89     7.36G   0.04546   0.01221    0.0102   0.06787         5       640    0.6383     0.556    0.6103    0.3086   0.06147   0.01615    0.0156
      7/89     7.36G   0.04486   0.01197   0.01019   0.06703         3       640    0.5664    0.6536    0.6252     0.313   0.06076   0.01594   0.01609
      8/89     7.36G   0.04441   0.01179   0.01008   0.06628         5       640    0.6144    0.6216     0.635    0.3252   0.05916   0.01586   0.01567
      9/89     7.36G   0.04395   0.01207  0.009942   0.06596         3       640    0.6213    0.6222    0.6452    0.3345   0.05821   0.01611   0.01575
     10/89     7.36G   0.04337   0.01176   0.00992   0.06504         2       640    0.5602    0.6707    0.6439    0.3379   0.05775   0.01623   0.01499
     11/89     7.36G   0.04348   0.01187  0.009972   0.06532         9       640    0.6263    0.5876    0.6484    0.3372   0.05858    0.0159   0.01473
     12/89     7.36G   0.04324   0.01184   0.00981   0.06489         3       640    0.6945     0.592    0.6733    0.3579   0.05726   0.01618   0.01459
     13/89     7.36G   0.04312   0.01187  0.009801   0.06479         3       640    0.6704    0.6051    0.6827    0.3668   0.05642   0.01644   0.01515
     14/89     7.36G   0.04279   0.01178  0.009745   0.06431        15       640    0.6783    0.6085    0.6782    0.3691   0.05627   0.01628   0.01532
     15/89     7.36G   0.04286   0.01173  0.009718   0.06431         3       640    0.6597    0.6209    0.6732    0.3599    0.0554   0.01663   0.01473
     16/89     7.36G   0.04246   0.01176  0.009677    0.0639         3       640    0.6205    0.6615    0.6833    0.3703   0.05545   0.01632   0.01457
     17/89     7.36G   0.04217   0.01177  0.009613   0.06355         4       640    0.6481    0.6302    0.6696    0.3603   0.05475   0.01676   0.01437
     18/89     7.36G   0.04203   0.01175  0.009604   0.06339         3       640    0.6587     0.634    0.6829    0.3685   0.05337   0.01716   0.01447
     19/89     7.36G   0.04209   0.01174  0.009623   0.06345         3       640    0.6564    0.6146     0.677    0.3604   0.05251   0.01748   0.01427
     20/89     7.36G     0.042   0.01164  0.009594   0.06324        12       640    0.6411    0.6389    0.6771    0.3655   0.05206    0.0175   0.01398
     21/89     7.36G   0.04192   0.01179  0.009532   0.06324         3       640    0.6809    0.6432    0.6922    0.3764   0.05119   0.01734   0.01397
     22/89     7.36G   0.04178   0.01176  0.009614   0.06316        13       640    0.6543    0.6316    0.6898    0.3804    0.0501    0.0175    0.0134
     23/89     7.36G   0.04157   0.01159  0.009569   0.06273         1       640    0.7006    0.6074    0.7068    0.3826   0.05023   0.01747   0.01348
     24/89     7.36G    0.0415   0.01168  0.009451   0.06263         3       640    0.6764    0.6244    0.7017    0.3909   0.04994   0.01732   0.01359
     25/89     7.36G   0.04117   0.01165   0.00947   0.06228         3       640    0.6501    0.6515    0.6974    0.3882   0.04896   0.01755   0.01389
     26/89     7.36G   0.04096   0.01168  0.009349   0.06199         2       640    0.6558    0.6537     0.699    0.3915   0.04789   0.01787   0.01364
     27/89     7.36G   0.04108   0.01164  0.009334   0.06205         3       640    0.6949    0.6269    0.7096    0.3936   0.04762   0.01799   0.01359
     28/89     7.36G   0.04098   0.01165  0.009377   0.06201         9       640    0.6619    0.6424    0.7097    0.3964     0.047   0.01799   0.01394
     29/89     7.36G   0.04076   0.01161  0.009306   0.06168        12       640    0.6701    0.6367    0.7057    0.4005   0.04678   0.01785   0.01416
     30/89     7.36G   0.04078   0.01175  0.009333   0.06186         7       640    0.6946    0.6436    0.7148    0.4022   0.04595   0.01787   0.01397
     31/89     7.36G   0.04079   0.01158  0.009296   0.06167         1       640    0.6733    0.6435     0.709    0.4003   0.04576    0.0178    0.0141
     32/89     7.36G   0.04034   0.01168    0.0093   0.06132         3       640    0.6758    0.6484    0.7121    0.3932   0.04551   0.01771   0.01422
     33/89     7.36G   0.04027    0.0118    0.0092   0.06127         4       640    0.6814    0.6608    0.7142     0.396   0.04518   0.01769   0.01419
     34/89     7.36G   0.04012   0.01154   0.00914    0.0608         3       640    0.6707    0.6581    0.7148    0.4037   0.04486   0.01767   0.01402
     35/89     7.36G   0.04002   0.01174  0.009126   0.06089         2       640    0.6816    0.6545    0.7192    0.4032   0.04488   0.01761   0.01392
     36/89     7.36G   0.03988   0.01171  0.009128   0.06072         5       640    0.6685    0.6715      0.72    0.4021   0.04483   0.01758   0.01391
     37/89     7.36G   0.03986   0.01147  0.009067   0.06039         3       640    0.6954      0.65     0.722    0.4047   0.04472   0.01755   0.01387
     38/89     7.36G   0.03993   0.01168  0.009103   0.06071         1       640    0.6502    0.6969    0.7237    0.4036   0.04463   0.01758    0.0138
     39/89     7.36G   0.03964   0.01167  0.009051   0.06037         2       640    0.6524    0.6965    0.7292    0.4027   0.04442    0.0176   0.01371
     40/89     7.36G    0.0393    0.0116  0.009078   0.05997         6       640    0.6502    0.7053    0.7303     0.404    0.0443   0.01761   0.01357
     41/89     7.36G   0.03963   0.01155  0.009044   0.06022         8       640    0.6641    0.6864    0.7309    0.4051   0.04425   0.01765    0.0135
     42/89     7.36G   0.03949   0.01164  0.009052   0.06019         5       640    0.6638    0.6813     0.735    0.4043   0.04429   0.01769   0.01353
     43/89     7.36G   0.03925   0.01166  0.008995   0.05991         3       640    0.6605    0.6867    0.7355    0.4051   0.04436   0.01767   0.01354
     44/89     7.36G   0.03902   0.01155   0.00897   0.05954         6       640     0.755    0.6097    0.7365    0.4073   0.04432   0.01766   0.01351
     45/89     7.36G   0.03903   0.01152  0.008976   0.05952         5       640    0.7526    0.6132    0.7394    0.4071   0.04432   0.01768   0.01345
     46/89     7.36G   0.03891   0.01155  0.009011   0.05947         4       640    0.7511    0.6164    0.7388    0.4083   0.04429    0.0177   0.01342
     47/89     7.36G   0.03856   0.01158  0.008879   0.05901         9       640    0.6553    0.6973    0.7382    0.4085   0.04421   0.01775   0.01337
     48/89     7.36G   0.03871   0.01134  0.008919   0.05897         3       640    0.7418    0.6178    0.7383    0.4095   0.04416   0.01779   0.01334
     49/89     7.36G    0.0386   0.01149  0.008836   0.05892         9       640     0.634    0.7321    0.7367    0.4114   0.04414    0.0178   0.01333
     50/89     7.36G   0.03838   0.01147  0.008918   0.05877         7       640    0.6397     0.731    0.7379    0.4125   0.04409   0.01784    0.0133
     51/89     7.36G   0.03845    0.0114  0.008911   0.05876         3       640    0.6435    0.7195    0.7386    0.4122   0.04401   0.01788   0.01327
     52/89     7.36G   0.03819    0.0114  0.008797   0.05838         5       640    0.6518    0.7126    0.7383     0.412   0.04395    0.0179   0.01325
     53/89     7.36G   0.03782   0.01145  0.008839   0.05811         9       640    0.6523     0.712    0.7373    0.4125   0.04391   0.01792   0.01324
     54/89     7.36G   0.03782   0.01125  0.008737   0.05781         4       640     0.644    0.7147    0.7372    0.4138   0.04388   0.01794   0.01324
     55/89     7.36G    0.0379    0.0114  0.008794    0.0581         2       640     0.646    0.7158    0.7377    0.4128   0.04388   0.01795   0.01323
     56/89     7.36G   0.03775   0.01125  0.008717   0.05772         5       640    0.7392    0.6297    0.7368    0.4139   0.04387   0.01796   0.01323
     57/89     7.36G   0.03776   0.01132  0.008756   0.05783         7       640    0.7517    0.6239    0.7363    0.4126   0.04382   0.01798   0.01321
     58/89     7.36G   0.03749   0.01108  0.008742   0.05732         3       640    0.7563    0.6239    0.7384    0.4125   0.04379     0.018   0.01318
     59/89     7.36G   0.03753    0.0112  0.008777   0.05751         3       640    0.7581      0.62    0.7381    0.4138   0.04376   0.01801   0.01316
     60/89     7.36G    0.0374    0.0113  0.008734   0.05744        15       640     0.754    0.6223    0.7384    0.4129   0.04372   0.01804   0.01315
     61/89     7.36G   0.03725   0.01111  0.008674   0.05704         3       640     0.747    0.6273    0.7405    0.4147   0.04367   0.01807   0.01314
     62/89     7.36G   0.03712   0.01117  0.008657   0.05695         3       640    0.7588     0.619      0.74     0.416   0.04361   0.01811   0.01312
     63/89     7.36G   0.03717   0.01112   0.00865   0.05693         3       640    0.7318    0.6412    0.7412    0.4179   0.04357   0.01813   0.01311
     64/89     7.36G   0.03671    0.0111  0.008594    0.0564         1       640    0.7345    0.6398    0.7418    0.4165   0.04353   0.01816   0.01309
     65/89     7.36G    0.0368   0.01111  0.008642   0.05655         2       640    0.7461    0.6364    0.7434    0.4167    0.0435   0.01818   0.01308
     66/89     7.36G   0.03679    0.0111  0.008605    0.0565         3       640    0.7517    0.6296    0.7426    0.4185   0.04345    0.0182   0.01307
     67/89     7.36G   0.03649   0.01106  0.008624   0.05617         6       640    0.7515    0.6311    0.7438    0.4183    0.0434   0.01823   0.01305
     68/89     7.36G   0.03644   0.01082  0.008504   0.05576         3       640    0.7465    0.6324    0.7446    0.4196   0.04336   0.01825   0.01302
     69/89     7.36G   0.03614   0.01098  0.008542   0.05567        13       640    0.7454    0.6339    0.7448    0.4206   0.04332   0.01827     0.013
     70/89     7.36G   0.03629   0.01083  0.008538   0.05566         3       640    0.7488     0.633     0.745    0.4211    0.0433   0.01829   0.01299
     71/89     7.36G   0.03611   0.01088  0.008506    0.0555         2       640    0.7482    0.6357    0.7461    0.4232   0.04326   0.01832   0.01297
     72/89     7.36G   0.03595   0.01087  0.008476    0.0553         4       640    0.7442    0.6383    0.7455    0.4244    0.0432   0.01835   0.01295
     73/89     7.36G   0.03599   0.01089  0.008513   0.05539         4       640    0.7463     0.636    0.7456    0.4256   0.04315   0.01838   0.01294
     74/89     7.36G   0.03578   0.01083  0.008413   0.05502         3       640    0.7421    0.6376    0.7457    0.4263   0.04311   0.01841   0.01292
     75/89     7.36G   0.03551   0.01079  0.008426   0.05473         8       640    0.7782    0.6141    0.7461    0.4272   0.04306   0.01844   0.01291
     76/89     7.36G    0.0356   0.01076  0.008366   0.05472         3       640    0.7806    0.6149    0.7466     0.428   0.04301   0.01848    0.0129
     77/89     7.36G   0.03544   0.01071  0.008392   0.05454        11       640    0.7768    0.6143    0.7473    0.4284   0.04296   0.01851   0.01288
     78/89     7.36G   0.03526   0.01066  0.008409   0.05433         3       640    0.7426    0.6379    0.7473    0.4287   0.04292   0.01854   0.01287
     79/89     7.36G   0.03538   0.01062  0.008385   0.05438         3       640    0.7466    0.6373    0.7485    0.4299   0.04287   0.01857   0.01286
     80/89     7.36G   0.03506   0.01065  0.008372   0.05409         4       640    0.7464    0.6361    0.7489      0.43   0.04283    0.0186   0.01284
     81/89     7.36G   0.03515   0.01055  0.008343   0.05405         3       640    0.7569    0.6291    0.7501    0.4308   0.04278   0.01863   0.01283
     82/89     7.36G   0.03496   0.01062   0.00834   0.05392         4       640    0.7496    0.6335    0.7505    0.4318   0.04273   0.01866   0.01281
     83/89     7.36G   0.03494   0.01052  0.008277   0.05373         9       640     0.657    0.7196    0.7508    0.4316   0.04267    0.0187   0.01281
     84/89     7.36G   0.03486   0.01054  0.008315   0.05371         3       640    0.7534     0.632    0.7514    0.4326   0.04262   0.01874    0.0128
     85/89     7.36G    0.0347   0.01055  0.008276   0.05352         2       640    0.6761    0.7024    0.7513    0.4326   0.04257   0.01877   0.01279
     86/89     7.36G    0.0347   0.01042  0.008323   0.05344         3       640     0.676    0.7035    0.7517    0.4333   0.04253    0.0188   0.01277
     87/89     7.36G   0.03467   0.01056  0.008326   0.05355         4       640    0.6749    0.7036    0.7522    0.4338   0.04247   0.01883   0.01275
     88/89     7.36G   0.03451   0.01042  0.008261   0.05319         3       640    0.6785    0.7006    0.7528    0.4335   0.04242   0.01887   0.01274
     89/89     7.36G   0.03431   0.01041  0.008279   0.05301         5       640    0.6798    0.7018    0.7545    0.4335   0.04237   0.01891   0.01272
